18
19
20
21
22
23
24
25
26
27
28
29
30
31
33
34
36
38
39
40
41
42
43
44
45
47
48
50
51
53
54
56
57
59
60
62
63
64
66
67
69
70
72
73
74
75
76
77
78
80
81
82
83
84
85
87
89
92
94
96
97
98
100
101
102
103
105
107
109
111
113
115
116
118
120
121
122
123
124
126
127
128
130
131
133
134
135
136
137
138
139
140
141
143
144
145
146
147
148
149
150
151
152
153
154
157
158
160
162
163
164
165
166
167
168
169
170
171
172
173
174
175
176
178
179
180
183
184
185
186
187
188
189
191
192
193
194
195
196
197
198
199
200
201
202
203
204
205
206
208
210
211
212
213
214
216
219
220
221
222
223
224
225
226
227
228
229
230
231
232
233
234
235
236
237
238
240
